batch_size: 24
lr: 1.851534368137961e-05
nhid: 512
nlayers: 4
dropout: 0.10140566659044377
