batch_size: 24
lr: 1.0754494867673416e-06
nhid: 1024
nlayers: 3
dropout: 0.23537958833156938
